0.050000 0.052000 6.400000 6.400000 3.086046 3.050452 -0.035594
0.050000 0.054000 6.550000 6.550000 1.575881 1.568056 -0.007824
0.050000 0.056000 6.500000 6.500000 1.797822 1.833241 0.035419
0.050000 0.058000 6.350000 6.350000 -0.203024 -0.195816 0.007207
0.050000 0.062000 6.050000 6.050000 -0.493215 -0.541219 -0.048004
0.050000 0.064000 5.950000 5.950000 0.518096 0.529762 0.011666
0.050000 0.066000 5.850000 5.850000 -1.166996 -1.090157 0.076839
0.050000 0.068000 5.750000 5.750000 2.756763 2.886556 0.129793
0.060000 0.062000 4.850000 4.600000 0.567311 2.430594 1.863283
0.060000 0.064000 5.250000 6.050000 1.438926 -0.320163 -1.759089
0.060000 0.066000 5.850000 5.850000 -0.633721 -0.640103 -0.006382
0.060000 0.068000 5.950000 5.950000 -2.538742 -2.503785 0.034957
0.060000 0.072000 5.700000 5.700000 -1.623484 -1.440706 0.182778
0.060000 0.074000 5.600000 5.600000 -1.069040 -1.017960 0.051080
0.060000 0.076000 5.450000 5.450000 2.893758 2.854528 -0.039229
0.060000 0.078000 5.450000 5.400000 1.925400 -1.363500 2.994286
0.070000 0.072000 4.700000 4.700000 0.382467 0.277716 -0.104752
0.070000 0.074000 5.500000 5.500000 -0.352015 -0.319156 0.032859
0.070000 0.076000 5.500000 5.500000 -0.084345 -0.033581 0.050764
0.070000 0.078000 2.750000 2.500000 -1.806870 0.242065 2.048935
0.070000 0.082000 5.300000 5.300000 -1.111425 -1.104309 0.007115
0.070000 0.084000 5.100000 5.100000 1.873159 1.837837 -0.035322
0.070000 0.086000 4.950000 4.950000 -0.500461 -0.603619 -0.103158
0.070000 0.088000 4.900000 4.900000 -1.622009 -1.504351 0.117657
0.080000 0.082000 5.450000 5.450000 2.607498 2.624868 0.017371
0.080000 0.084000 5.100000 5.100000 2.882853 2.922550 0.039697
0.080000 0.086000 5.000000 5.000000 -0.108292 -0.154789 -0.046497
0.080000 0.088000 2.400000 2.400000 0.635737 0.710176 0.074438
0.080000 0.092000 3.500000 2.900000 -2.845121 0.347365 -3.090699
0.080000 0.094000 2.950000 2.950000 1.409967 1.634444 0.224477
0.080000 0.096000 3.350000 3.600000 3.099503 -0.622546 2.561136
0.080000 0.098000 1.700000 4.450000 3.023319 1.236337 -1.786982
0.090000 0.092000 3.500000 3.150000 1.302203 -2.732215 2.248767
0.090000 0.094000 2.750000 2.750000 0.235885 0.561374 0.325489
0.090000 0.096000 1.950000 4.800000 2.982094 -1.407836 1.893255
0.090000 0.098000 2.450000 2.450000 0.922302 0.988450 0.066148
0.090000 0.102000 2.700000 2.600000 -1.539236 -1.230638 0.308598
0.090000 0.104000 2.300000 1.450000 2.598656 3.042236 0.443579
0.090000 0.106000 1.550000 2.800000 -1.626470 -1.281917 0.344553
0.100000 0.102000 3.050000 2.000000 2.231597 -0.515958 -2.747555
0.100000 0.104000 2.100000 2.100000 -2.481078 -2.421000 0.060078
0.100000 0.106000 2.300000 3.550000 0.507116 1.687708 1.180592
0.100000 0.112000 2.700000 2.150000 2.302281 -2.299009 1.681896
0.100000 0.114000 1.850000 2.300000 -3.024629 1.390454 -1.868102
0.100000 0.116000 2.300000 1.550000 -1.157650 -3.112786 -1.955135
0.100000 0.118000 1.350000 4.000000 -1.772096 3.017544 -1.493545
