0.050000 0.052000 6.400000 6.400000 3.086046 3.050452 -0.035594
0.050000 0.054000 6.550000 6.550000 1.575881 1.568056 -0.007824
0.050000 0.056000 6.500000 6.500000 1.797822 1.833241 0.035419
0.050000 0.058000 6.350000 6.350000 -0.203024 -0.195816 0.007207
0.050000 0.060000 4.950000 6.250000 -0.575138 2.792265 -2.915783
0.050000 0.062000 6.050000 6.050000 -0.493215 -0.541219 -0.048004
0.050000 0.064000 5.950000 5.950000 0.518096 0.529762 0.011666
0.050000 0.066000 5.850000 5.850000 -1.166996 -1.090157 0.076839
0.050000 0.068000 5.750000 5.750000 2.756763 2.886556 0.129793
0.050000 0.070000 7.850000 7.850000 3.023736 -0.114715 -3.138451
0.050000 0.080000 9.300000 9.300000 1.262401 -1.872184 -3.134585
0.050000 0.090000 9.800000 9.800000 -0.973198 2.187945 -3.122042
0.050000 0.100000 8.950000 8.950000 2.682894 -0.552543 3.047749
0.050000 0.110000 8.750000 8.750000 -0.632634 2.531468 -3.119083
0.050000 0.120000 8.650000 8.650000 -1.552457 1.581006 3.133462
0.050000 0.130000 8.650000 8.650000 -2.301585 0.853980 -3.127621
0.050000 0.140000 8.700000 8.650000 -0.819975 -0.842024 -0.022049
0.050000 0.150000 8.800000 8.800000 -1.835233 1.340389 -3.107563
0.050000 0.160000 8.900000 8.900000 1.246989 -1.846685 -3.093674
0.050000 0.170000 9.050000 9.050000 2.074018 -1.034418 -3.108435
0.050000 0.180000 9.050000 9.050000 1.538701 -1.556047 -3.094748
0.050000 0.190000 9.100000 9.100000 0.678207 -2.409238 -3.087445
0.060000 0.062000 4.850000 4.600000 0.567311 2.430594 1.863283
0.060000 0.064000 5.250000 6.050000 1.438926 -0.320163 -1.759089
0.060000 0.066000 5.850000 5.850000 -0.633721 -0.640103 -0.006382
0.060000 0.068000 5.950000 5.950000 -2.538742 -2.503785 0.034957
0.060000 0.070000 5.850000 5.900000 3.059510 -1.143175 2.080500
0.060000 0.072000 5.700000 5.700000 -1.623484 -1.440706 0.182778
0.060000 0.074000 5.600000 5.600000 -1.069040 -1.017960 0.051080
0.060000 0.076000 5.450000 5.450000 2.893758 2.854528 -0.039229
0.060000 0.078000 5.450000 5.400000 1.925400 -1.363500 2.994286
0.060000 0.080000 8.500000 8.500000 1.501491 -1.672494 3.109200
0.060000 0.090000 9.950000 9.950000 -0.439398 2.730962 -3.112825
0.060000 0.100000 9.300000 9.300000 0.004453 3.136077 3.131625
0.060000 0.110000 8.600000 8.600000 1.752613 -1.371000 -3.123614
0.060000 0.120000 8.250000 8.250000 2.832578 -0.307591 -3.140169
0.060000 0.130000 7.950000 7.950000 -0.529045 2.616236 -3.137904
0.060000 0.140000 7.900000 7.900000 2.617178 -0.533004 3.133004
0.060000 0.150000 7.900000 7.900000 3.075854 -0.092606 3.114725
0.060000 0.160000 7.900000 7.900000 -1.312321 1.837035 -3.133829
0.060000 0.170000 8.050000 8.050000 1.661250 -1.481497 3.140439
0.060000 0.180000 8.100000 8.100000 -1.788676 1.428103 -3.066406
0.060000 0.190000 8.200000 8.200000 1.878926 -1.020516 -2.899442
0.070000 0.072000 4.700000 4.700000 0.382467 0.277716 -0.104752
0.070000 0.074000 5.500000 5.500000 -0.352015 -0.319156 0.032859
0.070000 0.076000 5.500000 5.500000 -0.084345 -0.033581 0.050764
0.070000 0.078000 2.750000 2.500000 -1.806870 0.242065 2.048935
0.070000 0.082000 5.300000 5.300000 -1.111425 -1.104309 0.007115
0.070000 0.084000 5.100000 5.100000 1.873159 1.837837 -0.035322
0.070000 0.086000 4.950000 4.950000 -0.500461 -0.603619 -0.103158
0.070000 0.088000 4.900000 4.900000 -1.622009 -1.504351 0.117657
0.070000 0.090000 9.000000 9.000000 1.829920 -1.289911 -3.119831
0.070000 0.100000 9.550000 9.550000 -0.047829 -3.139589 -3.091760
0.070000 0.110000 8.900000 8.900000 0.775016 -2.363293 -3.138309
0.070000 0.120000 8.150000 8.150000 0.266421 -2.867060 -3.133482
0.070000 0.130000 7.800000 7.800000 -2.502687 0.641704 -3.138794
0.070000 0.140000 7.550000 7.550000 -0.332193 2.813103 -3.137889
0.070000 0.150000 7.400000 7.400000 1.374801 -1.797316 3.111068
0.070000 0.160000 7.350000 7.350000 -0.635669 2.481150 3.116819
0.070000 0.170000 7.300000 7.300000 -0.056780 3.052577 3.109357
0.070000 0.180000 7.400000 7.400000 -2.676382 0.457171 3.133553
0.070000 0.190000 7.450000 7.450000 -1.729550 1.361232 3.090782
0.080000 0.082000 5.450000 5.450000 2.607498 2.624868 0.017371
0.080000 0.084000 5.100000 5.100000 2.882853 2.922550 0.039697
0.080000 0.086000 5.000000 5.000000 -0.108292 -0.154789 -0.046497
0.080000 0.088000 2.400000 2.400000 0.635737 0.710176 0.074438
0.080000 0.090000 5.050000 5.050000 -1.840447 -1.809665 0.030782
0.080000 0.092000 3.500000 2.900000 -2.845121 0.347365 -3.090699
0.080000 0.094000 2.950000 2.950000 1.409967 1.634444 0.224477
0.080000 0.096000 3.350000 3.600000 3.099503 -0.622546 2.561136
0.080000 0.098000 1.700000 4.450000 3.023319 1.236337 -1.786982
0.080000 0.100000 9.550000 9.550000 -2.075722 1.091301 -3.116162
0.080000 0.110000 9.150000 9.150000 -2.884698 0.261466 -3.137022
0.080000 0.120000 8.500000 8.500000 2.972075 -0.154103 -3.126178
0.080000 0.130000 7.800000 7.800000 -0.380968 2.744899 3.125867
0.080000 0.140000 7.400000 7.400000 -2.602441 0.511852 3.114293
0.080000 0.150000 7.100000 7.100000 -2.173565 0.997576 -3.112045
0.080000 0.160000 6.900000 6.900000 -0.569658 2.570337 3.139995
0.080000 0.170000 6.900000 6.900000 -2.305588 0.842291 -3.135306
0.080000 0.180000 6.800000 6.800000 -2.631400 0.448714 3.080114
0.090000 0.092000 3.500000 3.150000 1.302203 -2.732215 2.248767
0.090000 0.094000 2.750000 2.750000 0.235885 0.561374 0.325489
0.090000 0.096000 1.950000 4.800000 2.982094 -1.407836 1.893255
0.090000 0.098000 2.450000 2.450000 0.922302 0.988450 0.066148
0.090000 0.100000 4.650000 4.650000 -2.228329 -2.309100 -0.080771
0.090000 0.102000 2.700000 2.600000 -1.539236 -1.230638 0.308598
0.090000 0.104000 2.300000 1.450000 2.598656 3.042236 0.443579
0.090000 0.106000 1.550000 2.800000 -1.626470 -1.281917 0.344553
0.090000 0.110000 9.950000 9.950000 -1.023844 2.060258 3.084102
0.090000 0.120000 8.800000 8.800000 -1.665566 1.527623 -3.089996
0.090000 0.140000 7.500000 7.500000 0.759798 -2.407482 3.115906
0.090000 0.150000 7.050000 7.050000 3.022955 -0.059445 -3.082400
0.090000 0.160000 6.750000 6.750000 -0.869092 2.233213 3.102305
0.090000 0.170000 6.550000 6.550000 0.514229 -2.587556 -3.101784
0.090000 0.180000 6.500000 6.500000 2.973499 -0.082925 -3.056424
0.100000 0.102000 3.050000 2.000000 2.231597 -0.515958 -2.747555
0.100000 0.104000 2.100000 2.100000 -2.481078 -2.421000 0.060078
0.100000 0.106000 2.300000 3.550000 0.507116 1.687708 1.180592
0.100000 0.110000 4.350000 4.350000 -1.380585 -1.459129 -0.078544
0.100000 0.112000 2.700000 2.150000 2.302281 -2.299009 1.681896
0.100000 0.114000 1.850000 2.300000 -3.024629 1.390454 -1.868102
0.100000 0.116000 2.300000 1.550000 -1.157650 -3.112786 -1.955135
0.100000 0.118000 1.350000 4.000000 -1.772096 3.017544 -1.493545
0.100000 0.120000 9.700000 9.700000 -1.350333 1.777396 3.127729
0.100000 0.130000 8.400000 8.400000 0.830236 -2.244113 -3.074349
0.100000 0.140000 7.750000 7.750000 2.736092 -0.394513 -3.130605
0.100000 0.150000 7.250000 7.250000 -0.702020 2.453625 -3.127541
0.100000 0.160000 6.800000 6.800000 1.702099 -1.440722 3.140364
0.100000 0.170000 6.450000 6.450000 2.002796 -1.074643 -3.077439
0.100000 0.180000 6.200000 6.200000 1.913679 -1.294698 3.074809
0.100000 0.190000 6.150000 6.150000 -2.781703 0.336819 3.118522
0.110000 0.120000 4.350000 4.350000 -2.837689 -2.762045 0.075644
0.110000 0.130000 9.350000 9.350000 0.842958 -2.311397 3.128830
0.110000 0.140000 8.100000 8.100000 1.139438 -1.975997 -3.115435
0.110000 0.150000 7.450000 7.450000 2.640118 -0.521065 3.122002
0.110000 0.160000 7.000000 7.000000 -1.994775 1.134194 3.128969
0.110000 0.170000 6.650000 6.650000 -1.103964 1.944373 3.048337
0.110000 0.180000 6.200000 6.200000 1.405318 -1.703615 -3.108933
0.110000 0.190000 5.950000 5.950000 -1.396582 1.814043 -3.072561
0.120000 0.130000 3.950000 3.950000 -3.125396 -2.654961 0.470435
0.120000 0.140000 9.050000 9.050000 -1.302515 1.776435 3.078950
0.120000 0.150000 7.800000 7.800000 -2.422083 0.561116 2.983199
0.120000 0.160000 7.200000 7.200000 -2.177786 0.892248 3.070034
0.120000 0.170000 6.800000 6.800000 -0.825215 2.273811 3.099026
0.120000 0.180000 6.450000 6.450000 -0.624955 2.526243 -3.131987
0.120000 0.190000 6.000000 6.000000 -1.070161 2.066448 3.136609
0.130000 0.140000 3.350000 3.600000 -3.140026 0.443510 -2.699650
0.130000 0.150000 8.750000 8.750000 -0.662176 2.461725 3.123901
0.130000 0.160000 7.564470 7.564470 -1.827372 1.309796 3.137168
0.130000 0.180000 7.272727 7.272727 -2.136595 0.846718 2.983313
